RWJC_x;RWJC_y;RWJC_z;REJC_x;REJC_y;REJC_z;RGHJC_x;RGHJC_y;RGHJC_z
-478.2664;287.2124;909.6722;-446.3034;395.8327;1123.8401;-399.5004;393.337;1454.1841
-477.948;287.3861;909.5644;-446.2368;395.8174;1123.8647;-399.5441;393.0551;1454.2143
-477.6695;287.5903;909.4565;-446.1816;395.8094;1123.9029;-399.5997;392.7441;1454.2522
-477.4284;287.8053;909.3654;-446.1354;395.8013;1123.9561;-399.6763;392.4704;1454.3112
-477.2244;288.0319;909.2769;-446.1072;395.7766;1124.0031;-399.7651;392.2508;1454.384
-477.0641;288.2556;909.1866;-446.1001;395.777;1124.0662;-399.8733;392.0496;1454.4724
-476.9469;288.4842;909.1002;-446.1167;395.7893;1124.144;-399.979;391.8685;1454.5537
-476.8576;288.7331;908.9856;-446.1716;395.8239;1124.2307;-400.0618;391.6225;1454.619
-476.8202;288.9824;908.8653;-446.204;395.7706;1124.2802;-400.1775;391.4769;1454.675
-476.8179;289.24;908.7585;-446.2465;395.6905;1124.3119;-400.2736;391.3363;1454.6999
-476.8638;289.4998;908.6401;-446.2548;395.5512;1124.3154;-400.3983;391.2682;1454.7188
-476.9575;289.7617;908.5339;-446.2735;395.4431;1124.3192;-400.5072;391.1405;1454.7259
-477.0838;290.0212;908.4335;-446.3057;395.3499;1124.3257;-400.6103;390.9606;1454.7347
-477.2611;290.2833;908.3419;-446.3637;395.2789;1124.3394;-400.6862;390.7441;1454.7326
-477.4775;290.5479;908.2342;-446.4232;395.1993;1124.3508;-400.7631;390.5512;1454.7282
-477.7249;290.8107;908.1328;-446.4864;395.1409;1124.3864;-400.8338;390.3561;1454.7241
-477.9877;291.0635;908.0214;-446.5654;395.1129;1124.4437;-400.8876;390.1107;1454.7118
-478.2744;291.2947;907.9231;-446.6501;395.0252;1124.4689;-400.9223;389.8703;1454.6781
-478.5645;291.5164;907.818;-446.7203;394.8891;1124.4759;-400.9697;389.6644;1454.6496
-478.866;291.7216;907.7282;-446.785;394.7278;1124.4749;-401.0127;389.4745;1454.6147
-479.1733;291.9133;907.6341;-446.8552;394.5987;1124.5018;-401.0534;389.231;1454.5976
-479.492;292.0964;907.5404;-446.9607;394.4862;1124.5436;-401.0701;388.9699;1454.5818
-479.8131;292.2635;907.4306;-447.0764;394.4047;1124.6063;-401.0899;388.7129;1454.5829
-480.1689;292.4289;907.396;-447.2276;394.3673;1124.6847;-401.0772;388.4353;1454.5738
-480.515;292.5726;907.3306;-447.3942;394.3175;1124.7474;-401.0799;388.2151;1454.567
-480.8598;292.6914;907.2306;-447.5856;394.3003;1124.8166;-401.0683;387.9949;1454.5432
-481.2247;292.809;907.1371;-447.7517;394.1624;1124.8452;-401.1075;387.983;1454.5193
-481.5974;292.922;907.029;-447.9023;393.9506;1124.8393;-401.1699;388.0727;1454.4874
-482.0303;293.0562;906.9854;-448.0634;393.7837;1124.8446;-401.2217;388.1252;1454.4599
-482.4932;293.2047;906.9889;-448.2026;393.6392;1124.874;-401.2761;388.1789;1454.4412
-482.9556;293.341;906.9878;-448.367;393.6017;1124.9385;-401.2891;388.0776;1454.4248
-483.3649;293.4524;906.917;-448.553;393.5349;1124.9791;-401.283;387.9363;1454.4014
-483.7003;293.5328;906.7283;-448.7809;393.5801;1125.0497;-401.216;387.5816;1454.3653
-484.0934;293.6473;906.6479;-448.9755;393.542;1125.1166;-401.1884;387.3326;1454.335
-484.4938;293.7665;906.6069;-449.1446;393.3872;1125.1362;-401.1958;387.2313;1454.3015
-484.9311;293.9048;906.6378;-449.2681;393.2149;1125.1709;-401.2432;387.2087;1454.2912
-485.3763;294.0639;906.7088;-449.4144;393.0733;1125.1895;-401.28;387.1314;1454.281
-485.7992;294.2258;906.7487;-449.5542;392.9385;1125.2095;-401.3259;387.0661;1454.2778
-486.1315;294.3509;906.653;-449.7021;392.8328;1125.2357;-401.3692;386.9849;1454.2878
-486.4188;294.4588;906.5385;-449.8454;392.7481;1125.3034;-401.3978;386.8679;1454.2978
-486.7107;294.5827;906.4355;-450.0191;392.651;1125.3354;-401.3977;386.6806;1454.2872
-487.0293;294.7264;906.3988;-450.2038;392.6243;1125.3752;-401.357;386.3248;1454.2672
-487.3724;294.8931;906.4148;-450.3336;392.4995;1125.4414;-401.3429;386.0756;1454.2504
-487.6922;295.0605;906.3956;-450.4361;392.3464;1125.4936;-401.3458;385.8269;1454.2398
-488.01;295.2373;906.3671;-450.5318;392.2302;1125.5309;-401.334;385.5171;1454.228
-488.2537;295.3882;906.229;-450.6117;392.0169;1125.5372;-401.3336;385.2948;1454.2205
-488.5381;295.5647;906.1917;-450.6887;391.8991;1125.5791;-401.3258;385.0101;1454.2268
-488.8196;295.7488;906.1531;-450.7812;391.9715;1125.75;-401.2639;384.5452;1454.2432
-489.0981;295.9322;906.1125;-450.8788;391.9205;1125.8463;-401.2123;384.1819;1454.2513
-489.3631;296.1071;906.0742;-450.9506;391.7394;1125.9081;-401.1891;383.9638;1454.2576
-489.5793;296.2566;905.9877;-450.9775;391.4757;1125.9155;-401.202;383.8614;1454.2663
-489.7411;296.3783;905.8518;-451.0058;391.2665;1125.9037;-401.194;383.6906;1454.2543
-489.9095;296.4987;905.718;-451.0343;391.102;1125.9187;-401.1803;383.4628;1454.2397
-490.0517;296.6112;905.5675;-451.0802;390.995;1125.9405;-401.1331;383.1528;1454.2089
-490.192;296.7237;905.4496;-451.1601;390.9944;1126.0062;-401.0364;382.7124;1454.1696
-490.3251;296.8357;905.3627;-451.255;391.0159;1126.0764;-400.9099;382.2468;1454.1236
-490.4437;296.9417;905.2755;-451.3416;391.0386;1126.1693;-400.8151;381.8144;1454.0973
-490.5613;297.054;905.2236;-451.4358;391.0688;1126.2547;-400.7307;381.401;1454.0707
-490.6514;297.1489;905.146;-451.5107;391.0024;1126.2987;-400.6797;381.1354;1454.0445
-490.7266;297.2398;905.0894;-451.5837;390.9523;1126.3369;-400.6228;380.9127;1454.0061
-490.786;297.311;905.0194;-451.6155;390.7906;1126.3115;-400.6266;380.8617;1453.9711
-490.8467;297.3852;904.9822;-451.6136;390.6124;1126.2568;-400.6617;380.8709;1453.9431
-490.8963;297.452;904.9285;-451.6024;390.4612;1126.1922;-400.7012;380.8712;1453.9114
-490.9483;297.5197;904.8972;-451.5973;390.4116;1126.1566;-400.7046;380.7947;1453.87
-491.0479;297.6026;904.9646;-451.6042;390.3836;1126.1195;-400.6861;380.6572;1453.8238
-491.051;297.6321;904.8703;-451.5903;390.3324;1126.0809;-400.6699;380.5448;1453.7962
-491.0936;297.6686;904.8841;-451.5584;390.3084;1126.0698;-400.6521;380.3795;1453.7844
-491.1233;297.6964;904.8858;-451.5112;390.2842;1126.0638;-400.62;380.2126;1453.7795
-491.115;297.7051;904.8589;-451.4737;390.2733;1126.0431;-400.5543;380.0268;1453.7706
-491.1584;297.7141;904.9396;-451.4022;390.204;1126.0225;-400.5332;379.9316;1453.8059
-491.1506;297.6951;904.9614;-451.3544;390.1306;1126.0009;-400.4658;379.8305;1453.8328
-491.082;297.6303;904.9291;-451.2403;390.0873;1126.0305;-400.4363;379.7791;1453.9049
-491.0404;297.5575;904.9625;-451.128;390.0609;1126.0824;-400.3897;379.7665;1453.9865
-490.9975;297.4695;905.0397;-451.0237;390.0411;1126.1509;-400.3352;379.7416;1454.0739
-490.9461;297.3668;905.1446;-450.9326;390.0391;1126.2238;-400.247;379.6961;1454.1524
-490.8986;297.2463;905.2473;-450.8476;390.0454;1126.2988;-400.1396;379.6464;1454.2182
-490.8383;297.1078;905.3472;-450.7539;390.0352;1126.3629;-400.0268;379.6336;1454.2783
-490.7743;296.9477;905.4521;-450.6542;390.0461;1126.4347;-399.907;379.6115;1454.3234
-490.7001;296.7708;905.5516;-450.5736;390.0824;1126.4891;-399.7619;379.5376;1454.3487
-490.6261;296.5798;905.6606;-450.505;390.1468;1126.5532;-399.5982;379.4362;1454.3514
-490.5464;296.3691;905.7838;-450.3915;390.0352;1126.5308;-399.4958;379.5643;1454.3617
-490.4448;296.1254;905.8627;-450.289;389.9834;1126.511;-399.3692;379.6373;1454.3599
-490.3325;295.873;905.9509;-450.1881;389.958;1126.4944;-399.2339;379.6945;1454.3542
-490.2264;295.6116;906.0463;-450.0977;389.8898;1126.4345;-399.0901;379.7738;1454.3361
-490.1135;295.3392;906.1513;-450.0016;389.893;1126.4162;-398.9372;379.8294;1454.3182
-489.9912;295.0506;906.2622;-449.9029;389.893;1126.3799;-398.7762;379.9177;1454.2913
-489.857;294.7509;906.3806;-449.7923;389.9847;1126.3855;-398.6001;379.9409;1454.2689
-489.7201;294.4436;906.4951;-449.6826;390.0957;1126.3725;-398.42;379.9412;1454.2423
-489.5889;294.1249;906.6221;-449.5433;390.144;1126.3322;-398.2617;380.0303;1454.2252
-489.4679;293.7822;906.7878;-449.3866;390.1253;1126.2497;-398.1244;380.194;1454.2134
-489.3411;293.4048;906.9842;-449.2228;390.1384;1126.1504;-397.9666;380.3127;1454.2133
-489.2143;292.9985;907.2266;-449.0726;390.2856;1126.1025;-397.7563;380.2237;1454.2096
-489.0824;292.556;907.4855;-448.9188;390.5728;1126.1468;-397.526;379.992;1454.225
-488.9695;292.0942;907.805;-448.7765;390.8407;1126.168;-397.2733;379.7314;1454.2232
-488.8437;291.5865;908.1576;-448.5719;390.9176;1126.114;-397.0931;379.7089;1454.2513
-488.7219;291.0652;908.539;-448.4949;391.3603;1126.2125;-396.7631;379.3053;1454.2362
-488.6123;290.5338;908.9702;-448.4142;391.7288;1126.2959;-396.4574;379.0291;1454.2289
-488.5154;290.0142;909.4147;-448.2672;391.769;1126.2514;-396.2655;379.1517;1454.2705
-488.4334;289.4939;909.8824;-448.2205;392.0884;1126.28;-396.0015;379.0592;1454.3064
-488.3563;288.9493;910.364;-448.1946;392.54;1126.442;-395.731;379.0025;1454.3681
-488.3022;288.383;910.8861;-448.1677;392.9621;1126.616;-395.4868;379.1009;1454.4554
-488.2899;287.8279;911.4584;-448.1258;393.3117;1126.7553;-395.2726;379.3548;1454.5646
-488.2765;287.2542;912.0102;-448.077;393.5264;1126.8103;-395.0906;379.7912;1454.678
-488.2668;286.6432;912.5524;-448.026;393.8264;1126.913;-394.8826;380.2604;1454.7833
-488.2938;286.0282;913.1493;-448.0088;394.1868;1127.0479;-394.6425;380.6842;1454.8866
-488.3373;285.4109;913.7196;-447.9538;394.4584;1127.1394;-394.4306;381.2048;1454.9913
-488.3826;284.7683;914.2872;-447.9314;394.7493;1127.2119;-394.2057;381.654;1455.1059
-488.4578;284.1247;914.8959;-447.912;394.985;1127.2592;-393.9689;382.1397;1455.2026
-488.5635;283.4983;915.489;-447.8942;395.1301;1127.2581;-393.7484;382.6121;1455.3046
-488.6898;282.8441;916.0977;-447.8955;395.2972;1127.2653;-393.4928;383.0145;1455.3928
-488.8108;282.1812;916.677;-447.9134;395.4383;1127.2523;-393.1962;383.3793;1455.4512
-488.9606;281.5047;917.271;-447.9258;395.5639;1127.2324;-392.8852;383.6729;1455.4908
-489.1742;280.7689;918.044;-447.9385;395.6804;1127.2041;-392.5388;383.9444;1455.4939
-489.3772;280.0525;918.7971;-447.9392;395.8007;1127.1982;-392.1656;384.1952;1455.4915
-489.6045;279.3538;919.532;-447.9204;395.9482;1127.2329;-391.8153;384.4158;1455.5054
-489.7988;278.6637;920.2104;-447.8952;396.0939;1127.2802;-391.4569;384.6169;1455.5149
-490.0005;277.9641;920.8602;-447.7162;396.4809;1127.7286;-391.1433;384.8541;1455.6189
-490.2685;277.2589;921.4537;-447.5963;396.8245;1128.0272;-390.8092;385.0605;1455.6974
-490.5031;276.6157;922.0762;-447.5527;397.108;1128.2344;-390.472;385.2819;1455.7664
-490.7128;275.9963;922.6486;-447.5591;397.3719;1128.3932;-390.1225;385.5417;1455.8076
-490.9498;275.3976;923.26;-447.5841;397.6281;1128.5176;-389.8192;385.8582;1455.8792
-491.202;274.8238;923.8576;-447.6256;397.8903;1128.6187;-389.6007;386.2252;1456.0147
-491.4758;274.2529;924.5088;-447.6911;398.2194;1128.7386;-389.3536;386.6405;1456.1123
-491.7812;273.6865;925.2043;-447.7169;398.5895;1128.8639;-389.0885;387.0519;1456.1949
-492.0992;273.1022;925.9304;-447.734;398.9808;1128.9899;-388.7785;387.4406;1456.247
-492.4415;272.5285;926.71;-447.7267;399.3917;1129.1023;-388.4099;387.7797;1456.2362
-492.8003;271.9499;927.5752;-447.7381;399.8203;1129.2061;-388.1234;388.0512;1456.303
-493.1565;271.3662;928.4824;-447.7695;400.2823;1129.3164;-387.7759;388.2385;1456.3061
-493.5145;270.7897;929.4432;-447.8032;400.7965;1129.4613;-387.4971;388.3586;1456.3852
-493.8595;270.2071;930.4485;-447.8786;401.2826;1129.5663;-387.2005;388.4605;1456.4551
-494.183;269.6393;931.4594;-447.9693;401.7254;1129.6425;-386.9443;388.563;1456.5657
-494.5148;269.0761;932.5542;-448.0618;402.1567;1129.7239;-386.6962;388.6852;1456.7023
-494.8486;268.5219;933.6912;-448.1778;402.5611;1129.8002;-386.4695;388.8704;1456.8769
-495.1758;267.965;934.8404;-448.2873;402.9384;1129.911;-386.274;389.1628;1457.0872
-495.5046;267.4172;936.0571;-448.3862;403.269;1130.006;-386.0899;389.5554;1457.3085
-495.8798;266.8789;937.3062;-448.4719;403.6228;1130.1215;-385.9259;390.0012;1457.5632
-496.2579;266.3543;938.5656;-448.5226;404.0434;1130.2927;-385.7531;390.5268;1457.8298
-496.6344;265.809;939.7992;-448.5714;404.5201;1130.5031;-385.574;391.0453;1458.1033
-497.0075;265.2657;941.0247;-448.6231;404.9871;1130.6961;-385.3537;391.5715;1458.344
-497.3859;264.7048;942.2318;-448.6667;405.4762;1130.9129;-385.128;392.1076;1458.5716
-497.7793;264.1583;943.4239;-448.712;405.9526;1131.1259;-384.9022;392.6054;1458.8063
-498.1807;263.5882;944.6184;-448.7518;406.3936;1131.3327;-384.6296;393.0691;1458.9766
-498.527;263.0023;945.7641;-448.8238;406.7812;1131.51;-384.3573;393.4507;1459.1475
-498.87;262.3865;946.893;-448.881;407.1945;1131.7188;-384.088;393.8406;1459.3085
-499.2227;261.8019;947.9924;-449.0834;407.5538;1131.8566;-383.7506;394.2473;1459.3931
-499.573;261.2546;949.0781;-449.1972;407.9341;1132.0461;-383.4604;394.5738;1459.5297
-499.8942;260.6921;950.0861;-449.2609;408.2722;1132.2279;-383.1799;394.7952;1459.6852
-500.2586;260.1696;951.1603;-449.2858;408.6165;1132.431;-382.8315;394.9617;1459.7716
-500.5861;259.5876;952.1577;-449.2932;408.9579;1132.6329;-382.5587;395.1374;1459.8962
-500.9251;259.0221;953.2086;-449.2864;409.2579;1132.8155;-382.345;395.2502;1460.039
-501.296;258.4506;954.3119;-449.2672;409.5449;1132.9723;-382.1429;395.2829;1460.2292
-501.6898;257.9033;955.4251;-449.2389;409.8173;1133.1219;-381.9527;395.2164;1460.4237
-502.111;257.3874;956.536;-449.2198;410.0917;1133.2761;-381.6214;395.0279;1460.4832
-502.5664;256.8794;957.6778;-449.2181;410.3524;1133.4076;-381.3644;394.776;1460.6269
-503.0578;256.3887;958.8526;-449.2284;410.6118;1133.5468;-381.2097;394.5045;1460.8556
-503.5474;255.892;960.0237;-449.2432;410.8731;1133.6854;-380.933;394.222;1460.9479
-504.0634;255.422;961.258;-449.2668;411.1564;1133.8279;-380.6082;393.8758;1460.9941
-504.5755;254.9197;962.4919;-449.3018;411.47;1133.9781;-380.3664;393.5473;1461.0888
-505.0909;254.3798;963.7553;-449.1662;412.1982;1134.5548;-380.2669;393.2226;1461.3633
-505.6393;253.8897;965.1012;-449.1332;412.82;1134.9626;-380.1295;392.9175;1461.5749
-506.166;253.3503;966.4357;-449.1503;413.3992;1135.3084;-379.9284;392.6607;1461.7097
-506.7388;252.7758;967.8728;-449.2103;413.9426;1135.6103;-379.8756;392.5298;1461.9258
-507.2975;252.2092;969.3472;-449.3085;414.4852;1135.8898;-379.7524;392.4101;1462.1026
-507.9081;251.6127;970.8638;-449.407;415.0563;1136.159;-379.59;392.3284;1462.2084
-508.5043;250.9712;972.3992;-449.489;415.6299;1136.3964;-379.3747;392.2585;1462.2701
-509.1504;250.3209;974.0216;-449.5598;416.2428;1136.6289;-379.328;392.2418;1462.4388
-509.7841;249.6218;975.6702;-449.6117;416.9282;1136.8853;-379.2004;392.1186;1462.5114
-510.4562;248.8933;977.4136;-449.7076;417.6503;1137.1486;-379.0815;391.8875;1462.5502
-511.1484;248.1703;979.2071;-449.7707;418.4166;1137.4678;-378.9623;391.5405;1462.5712
-511.8858;247.462;981.0047;-449.838;419.1749;1137.7939;-378.8611;391.0934;1462.6116
-512.5747;246.686;982.7444;-449.9264;419.8764;1138.1003;-378.7734;390.6385;1462.6601
-513.3554;245.9172;984.5917;-450.0416;420.4918;1138.379;-378.6491;390.2211;1462.664
-514.1444;245.1752;986.4242;-450.1493;421.0372;1138.6372;-378.577;389.9175;1462.7268
-514.9536;244.4019;988.2309;-450.2589;421.5131;1138.8756;-378.5563;389.6929;1462.8499
-515.8201;243.6087;990.055;-450.4211;421.8922;1139.0728;-378.5575;389.5542;1462.9878
-516.7111;242.8154;991.9041;-450.6358;422.2054;1139.2327;-378.4519;389.4201;1463.0268
-517.6294;242.0023;993.7351;-450.8448;422.5208;1139.4097;-378.3279;389.2568;1463.0498
-518.5619;241.1783;995.5788;-451.0366;422.8111;1139.5745;-378.301;389.1221;1463.1525
-519.5029;240.3502;997.4245;-451.2552;423.0254;1139.74;-378.2521;389.0419;1463.2297
-520.4507;239.4757;999.2467;-451.4763;423.209;1139.9301;-378.1004;388.9126;1463.1747
-521.3838;238.6107;1001.0399;-451.6774;423.3515;1140.11;-378.0378;388.7964;1463.1797
-522.3325;237.7156;1002.7974;-451.9168;423.411;1140.2365;-377.9441;388.7268;1463.1381
-523.2992;236.8308;1004.5532;-452.1815;423.4784;1140.441;-377.9263;388.5185;1463.1637
-524.2525;235.9204;1006.2757;-452.4698;423.4311;1140.5565;-377.8477;388.3515;1463.1272
-525.2461;235.0396;1007.9625;-452.7643;423.3483;1140.6753;-377.7796;388.0955;1463.07
-526.2284;234.1551;1009.6434;-453.0233;423.3035;1140.8557;-377.6897;387.8171;1462.9834
-527.2175;233.256;1011.3226;-453.2869;423.2017;1140.9873;-377.6259;387.533;1462.9055
-528.2287;232.4035;1013.0252;-453.5645;423.0584;1141.0852;-377.6113;387.1374;1462.8338
-529.2542;231.4954;1014.69;-453.8605;422.8888;1141.1717;-377.6363;386.7409;1462.7832
-530.2669;230.5934;1016.3297;-454.0961;422.7198;1141.2973;-377.7371;386.3564;1462.7799
-531.2796;229.7445;1017.9958;-454.3018;422.6444;1141.439;-377.8521;385.9707;1462.7697
-532.3053;228.8708;1019.6681;-454.5995;422.5153;1141.5471;-377.8601;385.5163;1462.6735
-533.3388;228.0432;1021.3589;-454.9326;422.3032;1141.6258;-377.9454;385.0567;1462.6287
-534.3397;227.2277;1023.1095;-454.9944;421.9968;1141.4322;-378.2514;385.2188;1462.8617
-535.3789;226.4059;1024.9248;-455.1334;421.7011;1141.4706;-378.4501;385.1292;1463.0043
-536.4288;225.586;1026.8638;-455.3458;421.4392;1141.5485;-378.6036;384.8216;1463.1007
-537.4603;224.7564;1028.8403;-455.5761;421.2077;1141.6733;-378.7363;384.3778;1463.1744
-538.533;223.893;1031.0127;-455.8529;421.0266;1141.88;-378.9941;383.8706;1463.3028
-539.671;223.0508;1033.3252;-456.1626;420.9343;1142.1987;-379.3064;383.2888;1463.4617
-540.8219;222.1825;1035.8029;-456.541;420.8682;1142.5794;-379.5763;382.6703;1463.5841
-542.0261;221.2715;1038.4894;-456.9965;420.7909;1143.0072;-379.8336;382.0328;1463.7123
-543.2777;220.2177;1041.4773;-457.6047;420.6649;1143.4853;-380.0229;381.3236;1463.8236
-544.5932;219.065;1044.7217;-458.2996;420.5337;1144.0545;-380.4151;380.7403;1464.1132
-545.9498;217.7414;1048.3294;-459.2049;420.3146;1144.6933;-380.5772;380.0815;1464.2779
-547.3869;216.2216;1052.2189;-460.3202;420.0109;1145.3935;-380.8824;379.5816;1464.5654
-548.8939;214.4976;1056.5226;-461.6869;419.5867;1146.1041;-381.0176;379.0042;1464.7618
-550.5093;212.5258;1061.123;-463.2836;418.9775;1146.864;-381.1462;378.509;1464.943
-552.2445;210.3874;1066.0206;-465.005;418.2415;1147.7621;-381.5179;378.1597;1465.3373
-554.0742;208.031;1071.2625;-466.8657;417.3453;1148.7421;-381.5708;377.7811;1465.5039
-555.9716;205.4079;1076.9031;-468.8224;416.2971;1149.8422;-381.7901;377.3398;1465.8565
-557.9204;202.5114;1082.9516;-470.9884;415.1911;1151.0228;-381.8073;376.7068;1465.9748
-559.9018;199.3642;1089.4291;-473.257;413.8338;1152.2534;-381.9235;376.1511;1466.258
-561.9354;195.9848;1096.3418;-475.7509;412.2109;1153.6846;-381.9562;375.5494;1466.5194
-563.9772;192.3101;1103.6125;-478.4017;410.2622;1155.1021;-381.9559;375.1057;1466.8411
-566.0529;188.3651;1111.3069;-481.2765;407.9023;1156.6112;-382.0337;374.7243;1467.3018
-568.135;184.1115;1119.3601;-484.3279;405.276;1158.2685;-382.0344;374.3311;1467.7393
-570.2413;179.6548;1127.8087;-487.5553;402.3005;1160.0006;-381.981;374.0876;1468.1974
-572.307;174.8225;1136.6006;-490.9943;399.0663;1161.9072;-381.9192;373.6662;1468.6425
-574.3186;169.7852;1145.734;-494.5794;395.5177;1163.9067;-381.8347;373.2049;1469.0855
-576.3282;164.6709;1155.33;-498.1787;391.527;1165.8559;-381.763;373.0575;1469.6418
-578.3529;159.2001;1165.3028;-501.8619;387.0309;1167.8777;-381.6023;373.1365;1470.1648
-580.1349;153.4414;1175.5279;-505.6576;382.0359;1170.0595;-381.4291;373.3366;1470.642
-581.8794;147.7979;1186.3278;-509.503;376.6641;1172.3961;-381.2687;373.3772;1471.0975
-583.324;141.7877;1197.1607;-513.3201;371.0767;1174.9069;-381.0126;373.7827;1471.4737
-584.6685;135.6819;1208.1571;-517.2437;364.7246;1177.6127;-380.782;374.3731;1471.876
-585.8555;129.4742;1219.3218;-521.2282;357.9907;1180.6222;-380.5939;374.6769;1472.2723
-586.9068;123.2923;1230.6347;-525.1573;350.9801;1183.7943;-380.5307;374.4933;1472.7517
-587.6951;116.9529;1241.929;-529.1184;343.7014;1187.4644;-380.3332;374.5223;1473.0677
-588.1481;110.3106;1253.2197;-533.0507;336.057;1191.2482;-380.2167;374.5329;1473.3921
-588.5524;103.8784;1264.9029;-536.805;328.2739;1195.1943;-380.0874;374.8339;1473.6497
-588.6997;97.4764;1276.4925;-540.4386;320.1939;1199.325;-380.0256;375.1411;1473.965
-588.6789;91.252;1288.1539;-543.9381;311.9885;1203.6921;-380.0275;375.3551;1474.3416
-588.4288;85.0536;1299.6721;-547.2539;303.7884;1208.3091;-380.1598;375.492;1474.8941
-588.0331;78.9745;1311.1987;-550.3821;295.4506;1213.1479;-380.2077;375.659;1475.299
-587.4861;72.9688;1322.5147;-553.36;287.0986;1218.2184;-380.2771;375.7535;1475.7155
-586.8006;67.0462;1333.6701;-556.1271;278.7893;1223.4352;-380.3785;375.6001;1476.2547
-586.0688;61.1567;1344.7108;-558.7444;270.5148;1228.9266;-380.3959;375.4291;1476.6894
-585.2959;55.2841;1355.514;-561.1057;262.0893;1234.6444;-380.3582;375.269;1477.1215
-584.555;49.3844;1366.1142;-563.3111;253.9047;1240.6278;-380.2993;374.8974;1477.5637
-583.7352;43.3291;1376.4475;-565.1861;245.5599;1246.5843;-380.431;375.0103;1478.0732
-582.9363;37.3836;1386.4661;-567.1922;237.811;1253.162;-380.2854;374.4241;1478.4724
-582.0656;31.3873;1396.1492;-568.7899;230.0524;1259.6748;-380.3442;374.1002;1479.1156
-581.3094;25.3773;1405.6382;-569.8005;221.8086;1265.6072;-380.6053;374.5087;1479.7949
-580.5722;19.3586;1414.8849;-570.7363;214.1076;1272.3371;-380.6709;374.6472;1480.2036
-579.9098;13.3303;1423.8003;-571.6099;206.8272;1279.1987;-380.8583;374.8483;1480.6474
-579.3404;7.3053;1432.3334;-572.2821;199.7909;1286.0578;-380.8435;374.5505;1481.2323
-578.8278;1.3664;1440.4451;-572.7309;193.0752;1292.9481;-380.9235;374.3916;1481.8528
-578.3371;-4.5878;1448.2202;-572.9518;186.6391;1299.8071;-380.8199;374.0224;1482.4652
-577.8761;-10.4087;1455.786;-572.9318;180.4702;1306.5197;-380.83;373.7886;1483.2648
-577.4097;-16.1494;1462.9777;-572.6722;174.5671;1313.0698;-380.7524;373.3769;1484.2447
-576.996;-21.5822;1469.9633;-572.1764;168.965;1319.4496;-380.6691;373.0495;1485.2392
-576.5555;-26.9678;1476.4834;-571.4761;163.6159;1325.524;-380.6119;372.7974;1486.3074
-576.1876;-32.1879;1482.5688;-570.6525;158.6286;1331.4346;-380.5823;372.5979;1487.4532
-575.8679;-37.2899;1488.1911;-569.7427;153.9596;1337.1736;-380.5517;372.4574;1488.5998
-575.5477;-42.2778;1493.3574;-568.8276;149.6185;1342.7687;-380.488;372.3469;1489.5456
-575.183;-47.0999;1498.1837;-567.8422;145.5797;1348.1407;-380.5794;372.5037;1490.3783
-574.8503;-51.5948;1502.6486;-566.8489;141.8114;1353.2647;-380.7363;372.7505;1491.0598
-574.4481;-55.9035;1506.7398;-565.8004;138.3454;1358.1587;-380.9304;373.0096;1491.6873
-573.9349;-59.9796;1510.595;-564.6935;135.1006;1362.763;-381.1279;373.2897;1492.1529
-573.4566;-63.7015;1514.1057;-563.4742;132.0317;1366.9935;-381.3268;373.5086;1492.7018
-572.9679;-67.0975;1517.3645;-562.2282;129.1451;1370.8528;-381.5254;373.636;1493.3523
-572.4811;-70.167;1520.3574;-560.9311;126.5137;1374.3373;-381.6763;373.5722;1494.1644
-572.0267;-72.9135;1523.1284;-559.6299;124.1301;1377.4761;-381.8463;373.4916;1494.9898
-571.5656;-75.3694;1525.6824;-558.4035;121.9284;1380.2854;-382.0127;373.3702;1495.7942
-571.1238;-77.5284;1528.018;-557.2103;119.9806;1382.787;-382.2018;373.3315;1496.453
-570.6371;-79.4324;1530.1376;-556.0925;118.2532;1385.0372;-382.4277;373.3835;1496.861
-570.0994;-81.0852;1532.0292;-555.0959;116.6678;1387.029;-382.7019;373.4786;1497.1188
-569.4823;-82.5065;1533.7578;-554.2078;115.2735;1388.7427;-382.9837;373.5676;1497.2589
-568.7414;-83.6573;1535.3369;-553.4307;114.0595;1390.2147;-383.2757;373.687;1497.23
-567.9228;-84.5573;1536.8147;-552.7371;113.007;1391.4399;-383.6047;373.8416;1497.0878
-566.9345;-85.273;1538.2046;-552.1105;112.1065;1392.5168;-384.0104;374.1151;1496.7537
-565.788;-85.7158;1539.5834;-551.5381;111.302;1393.3971;-384.4542;374.4501;1496.3359
-564.5463;-85.8611;1541.0591;-551.0484;110.6447;1394.0633;-384.9024;374.7979;1495.8831
-563.2293;-85.8237;1542.3321;-550.6415;110.1715;1394.6029;-385.3181;375.1426;1495.4834
-561.8337;-85.7725;1543.3131;-550.3706;109.8595;1395.0382;-385.6372;375.4177;1495.1597
-560.4242;-85.7349;1544.1604;-550.1992;109.6843;1395.3954;-385.9256;375.7019;1494.8889
-559.0102;-85.6897;1544.9317;-550.1089;109.6544;1395.6927;-386.1782;375.9925;1494.7056
-557.5973;-85.7051;1545.5148;-550.0984;109.6947;1395.9095;-386.367;376.2597;1494.4515
-556.433;-85.7246;1545.7485;-550.1389;109.8002;1396.0911;-386.5476;376.6019;1494.2078
-555.6211;-85.7488;1545.6422;-550.1596;109.9774;1396.1718;-386.7132;376.9912;1493.9639
-555.1141;-85.7382;1545.3846;-550.1107;110.1835;1396.1683;-386.8405;377.4024;1493.7319
-554.7746;-85.6947;1545.1783;-549.9815;110.399;1396.0594;-386.9593;377.7964;1493.6923
-554.5467;-85.5463;1545.136;-549.8147;110.5916;1395.9136;-387.1079;378.1641;1493.7812
-554.4471;-85.2751;1545.2075;-549.6634;110.7543;1395.7595;-387.1611;378.4492;1493.9391